797 800
1564 1574
2367 2377
3169 3179
3947 3957
4711 4718
5514 5521
6314 6323
7093 7108
7896 7915
8699 8722
9503 9528
10304 10331
11092 11119
11893 11932
12698 12750
13510 13569
14324 14389
15119 15184
15934 16010
16722 16810
17522 17612
18350 18450
19175 19295
19989 20183
20826 21076
21666 21970
22542 22872
23444 23774
24347 24676
25249 25576
26150 26479
27042 27373
27930 28261
28822 29158
29701 30051
30593 30938
31500 31843
32407 32751
33321 33684
34226 34587
35145 35510
36058 36434
36961 37346
37868 38258
38597 39016
39196 39601
40115 40523
41024 41446
41937 42375
42858 43302
43795 44259
44719 45214
45646 46211
46578 47215
47526 48216
48465 49216
49453 50217
50436 51200
51417 52188
52408 53182
53406 54180
54400 55177
55399 56176
56390 57171
57397 58177
58398 59181
59404 60189
60390 61179
61397 62188
62367 63169
63373 64181
64361 65179
65365 66200
66344 67215
67333 68211
68333 69227
69336 70250
70352 71282
71374 72312
72391 73360
73422 74425
74450 75518
75474 76612
76503 77712
77552 78820
78590 79902
79680 81003
80780 82109
81881 83210
82982 84311
84080 85414
85183 86518
86269 87604
87370 88706
88474 89809
89561 90888
90663 91994
91770 93106
92873 94224
93980 95333
95086 96449
96169 97536
97278 98653
98383 99771
99493 100893
100591 102018
101714 103153
102831 104294
103905 105400
105032 106578
106157 107775
107289 108976
108394 110137
109526 111324
110674 112526
111844 113729
113040 114931
114145 116061
115242 117197
116412 118379
117578 119559
118766 120750
119957 121948
121158 123153
122361 124358
123565 125571
124777 126780
125981 127994
127185 129213
128395 130429
129586 131628
130566 132603
131755 133813
132952 135021
134167 136257
135361 137479
136578 138728
137799 139976
139015 141239
140237 142539
141454 143810
142669 145093
143883 146375
145126 147677
146307 148923
147489 150131
148708 151365
149896 152555
151198 153853
152493 155145
153797 156459
155101 157774
156396 159073
157697 160377
158998 161680
160302 162987
161590 164290
162873 165590
164179 166914
165478 168230
166353 169128
167666 170454
168951 171760
170265 173097
171579 174446
172907 175796
174227 177157
175521 178508
176853 179913
178125 181248
179462 182652
180807 184054
182160 185458
183510 186840
184867 188220
186269 189627
187653 191023
189025 192393
190420 193796
191799 195182
193202 196589
194607 197999
195957 199357
197346 200756
198747 202167
200146 203577
201552 204993
202979 206434
204393 207860
205805 209291
207211 210721
208613 212141
210020 213567
211439 215011
212866 216468
214297 217963
215687 219409
217125 220900
218539 222376
219981 223878
221421 225377
222860 226846
224321 228326
225822 229830
227324 231335
228809 232828
230304 234320
231804 235824
233306 237334
234809 238848
236317 240357
237818 241865
239325 243388
240815 244889
242320 246415
243830 247942
245319 249449
246812 250960
248317 252487
249832 254023
251347 255564
252843 257096
254364 258646
255896 260220
257420 261801
258951 263403
260481 264983
262019 266567
263546 268142
265054 269683
266599 271258
268184 272865
269710 274409
271259 275965
272861 277566
274412 279135
276017 280743
277459 282193
279076 283817
280661 285418
282250 287007
283846 288633
285439 290238
287050 291854
288655 293489
290268 295123
291886 296759
293480 298388
295092 300034
296702 301673
298329 303333
299959 305011
301577 306670
303192 308361
304811 310037
306434 311719
308085 313426
309693 315065
311381 316768
313031 318436
314735 320149
316363 321794
318052 323478
319726 325160
321431 326864
323105 328533
324808 330243
326513 331961
328224 333680
329909 335373
331600 337076
333316 338799
335029 340532
336730 342267
338353 343922
340033 345618
341760 347363
343473 349113
345191 350864
346834 352542
348547 354316
350256 356085
351943 357819
353690 359620
355384 361363
357114 363134
358841 364896
360637 366708
362392 368484
364136 370249
365909 372036
367701 373827
369502 375630
371297 377433
373090 379223
374860 381001
376587 382731
378372 384528
380194 386374
381992 388194
383748 389953
385536 391768
387362 393618
389179 395453
391005 397304
392815 399152
394617 400990
396441 402856
398271 404750
400096 406632
401905 408478
403749 410376
405603 412285
407453 414181
409316 416081
411203 417986
413072 419853
414978 421756
416808 423613
418670 425496
420573 427399
422044 428879
423612 430486
425340 432215
427251 434128
429156 436058
431061 437973
432973 439909
434877 441836
436782 443759
438677 445656
440598 447606
442522 449562
444429 451506
446305 453413
448232 455400
450136 457369
452084 459373
453848 461195
455789 463198
457731 465194
459658 467172
461611 469155
463516 471068
465504 473053
467465 475036
469465 477039
471438 479026
473441 481047
475444 483069
477423 485056
479429 487070
481411 489072
483420 491092
485433 493121
487452 495147
489454 497162
491435 499172
493444 501207
495453 503233
497458 505229
499264 507051
501220 509042
503255 511131
505258 513184
507294 515265
509280 517280
511271 519315
513327 521408
515382 523500
517424 525576
519528 527687
521597 529751
523704 531874
525816 533988
527945 536110
530033 538213
532122 540307
534199 542391
536301 544504
538393 546614
540490 548736
542609 550870
544709 552991
546815 555115
548894 557189
551012 559338
553134 561484
555272 563638
557399 565801
559538 567954
561658 570127
563794 572318
565878 574451
567951 576595
569974 578654
572100 580820
574236 582995
576427 585201
578621 587406
580777 589584
582761 591563
584954 593767
587159 595985
589361 598204
591491 600329
593697 602554
595913 604772
598119 606987
600311 609190
602531 611418
604722 613599
606935 615832
609131 618056
611360 620314
613569 622553
615800 624814
618009 627064
620189 629280
622358 631504
624539 633727
626792 636032
629048 638342
631317 640645
633562 642936
635815 645224
638093 647521
640383 649819
642699 652131
645007 654454
647294 656766
649568 659067
651880 661408
654185 663713
656493 666030
658805 668353
661075 670637
663346 672923
665637 675254
667927 677581
670243 679922
672522 682222
674846 684569
677148 686876
679451 689216
681773 691574
684101 693933
686412 696312
688737 698687
691062 701055
693262 703321
695623 705726
697947 708071
700312 710446
702668 712806
705047 715203
707414 717584
709809 719983
712203 722410
714502 724773
716893 727174
719298 729582
721724 732002
724130 734416
726557 736852
728979 739279
731386 741706
733769 744109
736151 746523
738545 748966
740954 751407
743378 753862
745780 756300
748221 758801
750588 761231
752865 763538
755279 766005
757733 768511
760202 771015
762685 773527
765174 776036
767673 778538
770142 781023
772623 783519
775140 786033
777652 788551
780106 791009
782608 793517
785116 796027
787603 798516
790119 801061
792639 803596
795092 806059
797491 808481
799900 810942
802427 813485
804920 815985
807409 818489
809909 821016
812391 823516
814941 826100
817488 828719
820024 831326
822564 833931
824979 836368
827548 838975
830096 841553
832684 844169
835279 846769
837878 849383
840478 851990
843046 854566
845600 857134
848194 859763
850769 862361
853326 864906
855929 867523
858462 870063
861070 872695
863675 875305
866263 877906
868852 880526
871472 883166
873963 885677
876599 888327
879197 890953
881825 893615
884467 896304
887120 899013
889756 901703
892383 904368
895045 907068
897670 909708
900254 912325
902939 915028
905461 917539
908142 920245
910830 922917
913539 925637
916172 928284
918843 930972
921528 933664
924196 936360
926259 938466
928977 941197
931693 943942
934411 946687
937148 949432
939860 952164
942561 954888
945283 957637
947971 960353
950620 963044
953364 965824
956086 968595
958845 971403
961559 974180
964304 976970
967055 979773
969804 982575
972569 985373
975310 988159
978058 990925
980868 993736
983659 996542
986388 999293
989208 1002114
991965 1004880
994713 1007652
997525 1010487
1000327 1013300
1003137 1016137
1005745 1018781
1008456 1021538
1011278 1024382
1014102 1027239
1016915 1030074
1019718 1032918
1022511 1035737
1025332 1038579
1028157 1041444
1030894 1044215
1033677 1047055
1036503 1049937
1038826 1052287
1041515 1055036
1044331 1057876
1047202 1060775
1050093 1063674
1052978 1066576
1055880 1069493
1058771 1072399
1061659 1075318
1064558 1078227
1067442 1081129
1070344 1084055
1073231 1086951
1076135 1089880
1079055 1092808
1081832 1095547
1084693 1098417
1087473 1101207
1090399 1104160
1093049 1106840
1095971 1109816
1098910 1112794
1101798 1115718
1104684 1118666
1107635 1121673
1110605 1124693
1113552 1127687
1116510 1130691
1119490 1133711
1122427 1136690
1125382 1139675
1128370 1142698
1131335 1145673
1134321 1148655
1137313 1151677
1140322 1154695
1143318 1157708
1146299 1160726
1149271 1163749
1152283 1166785
1155024 1169584
1158004 1172599
1161023 1175651
1164025 1178683
1167019 1181712
1169867 1184604
1172871 1187642
1175886 1190687
1178921 1193758
1181933 1196777
1184413 1199254
1187425 1202329
1189803 1204790
1192853 1207891
1195877 1210957
1198942 1214067
1201931 1217087
1204920 1220106
1207999 1223204
1211060 1226305
1214097 1229376
1217182 1232484
1220271 1235585
1223233 1238554
1226343 1241691
1229423 1244798
1232514 1247925
1235626 1251060
1238738 1254173
1241831 1257282
1244939 1260408
1247660 1263145
1250667 1266173
1253783 1269328
1256837 1272448
1259924 1275559
1262962 1278649
1266110 1281861
1269258 1285061
1272139 1287998
1275286 1291198
1278392 1294360
1281555 1297565
1284642 1300731
1287799 1303913
1290961 1307099
1294159 1310320
1297285 1313474
1300491 1316679
1303682 1319893
1306576 1322766
1309780 1325983
1312836 1329094
1315974 1332279
1319187 1335519
1322379 1338751
1325533 1341921
1328726 1345159
1331927 1348419
1335162 1351692
1338382 1354989
1341540 1358205
1344784 1361502
1348013 1364794
1351260 1368100
1354503 1371389
1357759 1374708
1360999 1378009
1364241 1381295
1367472 1384555
1370488 1387618
1373711 1390886
1377016 1394224
1380253 1397485
1383559 1400819
1386808 1404097
1390082 1407409
1393377 1410742
1396679 1414075
1399968 1417385
1403237 1420689
1405944 1423485
1409264 1426815
1412565 1430155
1415695 1433312
1419018 1436672
1422331 1440025
1425617 1443364
1428961 1446771
1432248 1450139
1435587 1453523
1438923 1456926
1442245 1460318
1445458 1463604
1448588 1466750
1451720 1469938
1454963 1473256
1458311 1476650
1461683 1480060
1465061 1483477
1468458 1486891
1471829 1490285
1475260 1493725
1478611 1497093
1481492 1499987
1484839 1503361
1488210 1506762
1491598 1510176
1494973 1513596
1498351 1517010
1501617 1520332
1505052 1523817
1508393 1527210
1511784 1530662
1515168 1534089
1518606 1537602
1522014 1541085
1525454 1544592
1528886 1548094
1532030 1551257
1535482 1554765
1538957 1558284
1542426 1561794
1545879 1565297
1549261 1568712
1552596 1572031
1556005 1575461
1559500 1578988
1562990 1582515
1566502 1586064
1570001 1589580
1573488 1593114
1576954 1596602
1580441 1600138
1583978 1603741
1587491 1607294
1591005 1610838
1594526 1614403
1597925 1617846
1601445 1621445
1604982 1625038
1608463 1628605
1611966 1632195
1615277 1635589
1618811 1639170
1622316 1642745
1625833 1646331
1629397 1649951
1632931 1653498
1636448 1657061
1639956 1660613
1643537 1664229
1647136 1667870
1650729 1671487
1654314 1675096
1657914 1678731
1661487 1682360
1665100 1686006
1668637 1689592
1672230 1693229
1675817 1696863
1679402 1700473
1682959 1704075
1686599 1707767
1690234 1711472
1693779 1715116
1697065 1718454
1700703 1722175
1704273 1725837
1707876 1729508
1711234 1732954
1714701 1736506
1718291 1740140
1721908 1743818
1725508 1747473
1728985 1750965
1732648 1754666
1736292 1758352
1739880 1761986
1743539 1765673
1747202 1769369
1750810 1773000
1754513 1776774
1757837 1780153
1761534 1783878
1765234 1787620
1768986 1791389
1772650 1795116
1776368 1798884
1780116 1802663
1783852 1806446
1787542 1810193
1791270 1813972
1794943 1817735
1798514 1821365
1802237 1825176
1805413 1828467
1809186 1832272
1812912 1836070
1816633 1839847
1820412 1843685
1824173 1847508
1827890 1851325
1831638 1855129
1835442 1858946
1839271 1862822
1843000 1866589
1846754 1870381
1850499 1874157
1854188 1877899
1857974 1881762
1861770 1885584
1865558 1889400
1869310 1893179
1873112 1897033
1876717 1900679
1880502 1904531
1884258 1908371
1887584 1911720
1891419 1915628
1895268 1919544
1899085 1923451
1902896 1927325
1906728 1931227
1910576 1935141
1914186 1938820
1918009 1942683
1921788 1946504
1925667 1950440
1929539 1954365
1933427 1958307
1937327 1962251
1941110 1966099
1944892 1969915
1948810 1973863
1952719 1977815
1956614 1981771
1960491 1985740
1964419 1989715
1968303 1993645
1972193 1997613
1976069 2001558
1980006 2005552
1983942 2009550
1987872 2013543
1991806 2017550
1995749 2021577
1999682 2025587
2003628 2029598
2007589 2033621
2011371 2037471
2015179 2041324
2019137 2045346
2023104 2049403
2027002 2053349
2030970 2057372
2034928 2061371
2038894 2065396
2042843 2069378
2046798 2073376
2050809 2077433
2054830 2081497
2058790 2085524
2062778 2089538
2066803 2093601
2070812 2097675
2074845 2101778
2078830 2105820
2082827 2109832
2086807 2113825
2090649 2117728
2094681 2121826
2098626 2125815
2102675 2129946
2106695 2134053
2110674 2138089
2114723 2142195
2118765 2146284
2122828 2150406
2126879 2154523
2130507 2158210
2134464 2162214
2138437 2166252
2142465 2170331
2146489 2174430
2150596 2178592
2154697 2182735
2158755 2186844
2162776 2190916
2166881 2195069
2170976 2199206
2174558 2202822
2178683 2207001
2182821 2211222
2186898 2215359
2190971 2219520
2194955 2223570
2199029 2227722
2203165 2231936
2207285 2236137
2211383 2240323
2215495 2244515
2219632 2248722
2223796 2252930
2227908 2257073
2232075 2261319
2236265 2265574
2240369 2269753
2243784 2273255
2247980 2277489
2252069 2281607
2256255 2285844
2260112 2289781
2264291 2294015
2268304 2298078
2272490 2302312
2276038 2305908
2280147 2310051
2284245 2314181
2288469 2318508
2292688 2322782
2296913 2327073
2301163 2331408
2305376 2335662
2309628 2339994
2313886 2344322
2318135 2348606
2322342 2352876
2326541 2357145
2330813 2361475
2334995 2365743
2339283 2370085
2343562 2374423
2347779 2378696
2352060 2383052
2356331 2387394
2360572 2391702
2364830 2396014
2369137 2400369
2373382 2404640
2377683 2409005
2381491 2412883
2385802 2417261
2390124 2421655
2394456 2426073
2398704 2430375
2401385 2433122
2405652 2437472
2409907 2441805
2414180 2446172
2418514 2450581
2422840 2454979
2426714 2458894
2430932 2463212
2435230 2467577
2439492 2471896
2443204 2475663
2447561 2480106
2451887 2484486
2455757 2488390
2460141 2492842
2464393 2497186
2468767 2501618
2473173 2506087
2477505 2510468
2481928 2514949
2486260 2519356
2490479 2523656
2494612 2527903
2499026 2532373
2502691 2536019
2507046 2540469
2511462 2544986
2515818 2549415
2520222 2553916
Overall: 961519802; 974318594