1024 1025
961 963
631 616
365 360
611 618
1005 1004
983 994
1023 1017
992 991
854 844
847 847
952 953
989 989
970 968
1021 1013
1019 1016
1025 1019
1030 1026
984 982
1080 1070
1061 1059
1097 1094
1053 1052
1104 1104
1103 1102
1057 1060
1110 1103
893 893
1106 1104
1104 1107
1110 1110
1117 1107
1097 1078
1180 1159
1076 1074
1092 1099
1129 1130
1158 1154
1183 1167
1162 1158
1134 1137
1204 1203
1121 1121
1181 1186
1205 1205
1189 1193
1228 1229
1206 1205
1145 1150
848 843
Overall: 51819; 51701